year  price temp h.rain w.rain
1952    37  17.1  160    600
1953    63  16.7  80     690
1955    45  17.1  130    502
1957    22  16.1  110    420
1958    18  16.4  187    582
1959    66  17.5  187    485
1960    14  16.4  290    763
1961   100  17.3   38    830
1962    33  16.3   52    697
1963    17  15.7  155    608
1964    31  17.3   96    402
1965    11  15.4  267    602
1966    47  16.5   86    819
1967    19  16.2  118    714
1968    11  16.2  292    610
1969    12  16.5  244    575
1970    40  16.7   89    622
1971    27  16.8  112    551
1972    10  15.0  158    536
1973    16  17.1  123    376
1974    11  16.3  184    574
1975    30  16.9  171    572
1976    25  17.6  247    418
1977    11  15.6   87    821
1978    27  15.8   51    763
1979    21  16.2  122    717
1980    14  16.0  74     578